states = [16.0, 16.5, 17.0, 17.5, 18.0, 18.5, 19.0, 19.5, 20.0, 20.5, 21.0, 21.5, 22.0, 22.5, 23.0, 23.5, 24.0, 24.5, 25.0]
action= [on,off]
TransitionsOnMatrix=
[[0.3 0.5 0.2 0.  0.  0.  0.  0.  0.  0.  0.  0.  0.  0.  0.  0.  0.  0.
  0. ]
 [0.1 0.2 0.5 0.2 0.  0.  0.  0.  0.  0.  0.  0.  0.  0.  0.  0.  0.  0.
  0. ]
 [0.  0.1 0.2 0.5 0.2 0.  0.  0.  0.  0.  0.  0.  0.  0.  0.  0.  0.  0.
  0. ]
 [0.  0.  0.1 0.2 0.5 0.2 0.  0.  0.  0.  0.  0.  0.  0.  0.  0.  0.  0.
  0. ]
 [0.  0.  0.  0.1 0.2 0.5 0.2 0.  0.  0.  0.  0.  0.  0.  0.  0.  0.  0.
  0. ]
 [0.  0.  0.  0.  0.1 0.2 0.5 0.2 0.  0.  0.  0.  0.  0.  0.  0.  0.  0.
  0. ]
 [0.  0.  0.  0.  0.  0.1 0.2 0.5 0.2 0.  0.  0.  0.  0.  0.  0.  0.  0.
  0. ]
 [0.  0.  0.  0.  0.  0.  0.1 0.2 0.5 0.2 0.  0.  0.  0.  0.  0.  0.  0.
  0. ]
 [0.  0.  0.  0.  0.  0.  0.  0.1 0.2 0.5 0.2 0.  0.  0.  0.  0.  0.  0.
  0. ]
 [0.  0.  0.  0.  0.  0.  0.  0.  0.1 0.2 0.5 0.2 0.  0.  0.  0.  0.  0.
  0. ]
 [0.  0.  0.  0.  0.  0.  0.  0.  0.  0.1 0.2 0.5 0.2 0.  0.  0.  0.  0.
  0. ]
 [0.  0.  0.  0.  0.  0.  0.  0.  0.  0.  0.1 0.2 0.5 0.2 0.  0.  0.  0.
  0. ]
 [0.  0.  0.  0.  0.  0.  0.  0.  0.  0.  0.  0.1 0.2 0.5 0.2 0.  0.  0.
  0. ]
 [0.  0.  0.  0.  0.  0.  0.  0.  0.  0.  0.  0.  0.1 0.2 0.5 0.2 0.  0.
  0. ]
 [0.  0.  0.  0.  0.  0.  0.  0.  0.  0.  0.  0.  0.  0.1 0.2 0.5 0.2 0.
  0. ]
 [0.  0.  0.  0.  0.  0.  0.  0.  0.  0.  0.  0.  0.  0.  0.1 0.2 0.5 0.2
  0. ]
 [0.  0.  0.  0.  0.  0.  0.  0.  0.  0.  0.  0.  0.  0.  0.  0.1 0.2 0.5
  0.2]
 [0.  0.  0.  0.  0.  0.  0.  0.  0.  0.  0.  0.  0.  0.  0.  0.  0.1 0.2
  0.7]
 [0.  0.  0.  0.  0.  0.  0.  0.  0.  0.  0.  0.  0.  0.  0.  0.  0.  0.1
  0.9]]

TransitionsOffMatrix=
[[0.9 0.1 0.  0.  0.  0.  0.  0.  0.  0.  0.  0.  0.  0.  0.  0.  0.  0.
  0. ]
 [0.7 0.2 0.1 0.  0.  0.  0.  0.  0.  0.  0.  0.  0.  0.  0.  0.  0.  0.
  0. ]
 [0.  0.7 0.2 0.1 0.  0.  0.  0.  0.  0.  0.  0.  0.  0.  0.  0.  0.  0.
  0. ]
 [0.  0.  0.7 0.2 0.1 0.  0.  0.  0.  0.  0.  0.  0.  0.  0.  0.  0.  0.
  0. ]
 [0.  0.  0.  0.7 0.2 0.1 0.  0.  0.  0.  0.  0.  0.  0.  0.  0.  0.  0.
  0. ]
 [0.  0.  0.  0.  0.7 0.2 0.1 0.  0.  0.  0.  0.  0.  0.  0.  0.  0.  0.
  0. ]
 [0.  0.  0.  0.  0.  0.7 0.2 0.1 0.  0.  0.  0.  0.  0.  0.  0.  0.  0.
  0. ]
 [0.  0.  0.  0.  0.  0.  0.7 0.2 0.1 0.  0.  0.  0.  0.  0.  0.  0.  0.
  0. ]
 [0.  0.  0.  0.  0.  0.  0.  0.7 0.2 0.1 0.  0.  0.  0.  0.  0.  0.  0.
  0. ]
 [0.  0.  0.  0.  0.  0.  0.  0.  0.7 0.2 0.1 0.  0.  0.  0.  0.  0.  0.
  0. ]
 [0.  0.  0.  0.  0.  0.  0.  0.  0.  0.7 0.2 0.1 0.  0.  0.  0.  0.  0.
  0. ]
 [0.  0.  0.  0.  0.  0.  0.  0.  0.  0.  0.7 0.2 0.1 0.  0.  0.  0.  0.
  0. ]
 [0.  0.  0.  0.  0.  0.  0.  0.  0.  0.  0.  0.7 0.2 0.1 0.  0.  0.  0.
  0. ]
 [0.  0.  0.  0.  0.  0.  0.  0.  0.  0.  0.  0.  0.7 0.2 0.1 0.  0.  0.
  0. ]
 [0.  0.  0.  0.  0.  0.  0.  0.  0.  0.  0.  0.  0.  0.7 0.2 0.1 0.  0.
  0. ]
 [0.  0.  0.  0.  0.  0.  0.  0.  0.  0.  0.  0.  0.  0.  0.7 0.2 0.1 0.
  0. ]
 [0.  0.  0.  0.  0.  0.  0.  0.  0.  0.  0.  0.  0.  0.  0.  0.7 0.2 0.1
  0. ]
 [0.  0.  0.  0.  0.  0.  0.  0.  0.  0.  0.  0.  0.  0.  0.  0.  0.7 0.2
  0.1]
 [0.  0.  0.  0.  0.  0.  0.  0.  0.  0.  0.  0.  0.  0.  0.  0.  0.  0.7
  0.3]]

 Goal_State=[22]
  
